rot:
  max: 34.70337523605332
  mean: 2.4628009090050456
  median: 1.2672526905016002
  min: 0.5679120700723909
  num_samples: 931
  rmse: 4.529751618716752
  std: 3.801744521909771
scale:
  max: 5.019590391348516
  mean: 1.4574288218797207
  median: 1.3818469730466187
  min: 0.008396926769072
  num_samples: 931
  rmse: 1.6717859583213655
  std: 0.819005201201296
trans:
  max: 6.755607097925138
  mean: 2.5096305005943997
  median: 2.4804883230259427
  min: 0.44964256965253513
  num_samples: 931
  rmse: 2.682250191221739
  std: 0.9466894098886703
