rot:
  max: 4.529751618716752
  mean: 4.529751618716752
  median: 4.529751618716752
  min: 4.529751618716752
  num_samples: 1
  rmse: 4.529751618716752
  std: 0.0
scale:
  max: 1.6717859583213655
  mean: 1.6717859583213655
  median: 1.6717859583213655
  min: 1.6717859583213655
  num_samples: 1
  rmse: 1.6717859583213655
  std: 0.0
trans:
  max: 2.682250191221739
  mean: 2.682250191221739
  median: 2.682250191221739
  min: 2.682250191221739
  num_samples: 1
  rmse: 2.682250191221739
  std: 0.0
