rot:
  max: 52.525642440257684
  mean: 14.433761824359486
  median: 11.98041683282549
  min: 7.680054399735299
  num_samples: 444
  rmse: 17.293644971867927
  std: 9.52558008788313
scale:
  max: 271.9906543167719
  mean: 21.244152820164338
  median: 7.185961268962993
  min: 0.054680668234474705
  num_samples: 444
  rmse: 41.5859513752499
  std: 35.75020731042203
trans:
  max: 96.35121385087936
  mean: 12.343872555821887
  median: 9.018781832405555
  min: 4.468634231800695
  num_samples: 444
  rmse: 17.566628286992003
  std: 12.498609510620565
