rot:
  max: 17.293644971867927
  mean: 17.293644971867927
  median: 17.293644971867927
  min: 17.293644971867927
  num_samples: 1
  rmse: 17.293644971867927
  std: 0.0
scale:
  max: 41.5859513752499
  mean: 41.5859513752499
  median: 41.5859513752499
  min: 41.5859513752499
  num_samples: 1
  rmse: 41.5859513752499
  std: 0.0
trans:
  max: 17.566628286992003
  mean: 17.566628286992003
  median: 17.566628286992003
  min: 17.566628286992003
  num_samples: 1
  rmse: 17.566628286992003
  std: 0.0
