rot:
  max: 18.013511874922063
  mean: 1.8522264513896545
  median: 1.782599971056749
  min: 0.10736605217953024
  num_samples: 732
  rmse: 1.990800808991232
  std: 0.7297568320013399
scale:
  max: 1.865253360751662
  mean: 0.17218262511751592
  median: 0.0427017563520149
  min: 0.0068329486932805494
  num_samples: 732
  rmse: 0.32669638766818265
  std: 0.2776394664363849
trans:
  max: 3.0193095981266485
  mean: 0.30489145297637965
  median: 0.04737610329647919
  min: 0.009492106933280437
  num_samples: 732
  rmse: 0.5691977623092696
  std: 0.4806529876322749
