rot:
  max: 1.990800808991232
  mean: 1.990800808991232
  median: 1.990800808991232
  min: 1.990800808991232
  num_samples: 1
  rmse: 1.990800808991232
  std: 0.0
scale:
  max: 0.32669638766818265
  mean: 0.32669638766818265
  median: 0.32669638766818265
  min: 0.32669638766818265
  num_samples: 1
  rmse: 0.32669638766818265
  std: 0.0
trans:
  max: 0.5691977623092696
  mean: 0.5691977623092696
  median: 0.5691977623092696
  min: 0.5691977623092696
  num_samples: 1
  rmse: 0.5691977623092696
  std: 0.0
