rot:
  max: 17.94617164181356
  mean: 1.6626479472210705
  median: 1.3600306838180487
  min: 0.34531586062554354
  num_samples: 961
  rmse: 2.2452617441747256
  std: 1.5089075861218575
scale:
  max: 2.725809304866411
  mean: 0.48772766284444535
  median: 0.40790010871050164
  min: 0.0010513618389662582
  num_samples: 961
  rmse: 0.6092074095877908
  std: 0.3650416343281426
trans:
  max: 3.5303490461964295
  mean: 1.080388302330006
  median: 0.9239239868686245
  min: 0.1253992089902278
  num_samples: 961
  rmse: 1.168267530278363
  std: 0.4445336190786853
