rot:
  max: 2.2452617441747256
  mean: 2.2452617441747256
  median: 2.2452617441747256
  min: 2.2452617441747256
  num_samples: 1
  rmse: 2.2452617441747256
  std: 0.0
scale:
  max: 0.6092074095877908
  mean: 0.6092074095877908
  median: 0.6092074095877908
  min: 0.6092074095877908
  num_samples: 1
  rmse: 0.6092074095877908
  std: 0.0
trans:
  max: 1.168267530278363
  mean: 1.168267530278363
  median: 1.168267530278363
  min: 1.168267530278363
  num_samples: 1
  rmse: 1.168267530278363
  std: 0.0
