rot:
  max: 3.372844533858986
  mean: 3.372844533858986
  median: 3.372844533858986
  min: 3.372844533858986
  num_samples: 1
  rmse: 3.372844533858986
  std: 0.0
scale:
  max: 1.2910278547713703
  mean: 1.2910278547713703
  median: 1.2910278547713703
  min: 1.2910278547713703
  num_samples: 1
  rmse: 1.2910278547713703
  std: 0.0
trans:
  max: 2.5186420832054455
  mean: 2.5186420832054455
  median: 2.5186420832054455
  min: 2.5186420832054455
  num_samples: 1
  rmse: 2.5186420832054455
  std: 0.0
