rot:
  max: 179.35693912106495
  mean: 1.9934399156778917
  median: 1.5751588156013818
  min: 0.134291402710743
  num_samples: 3583
  rmse: 4.287098584141638
  std: 3.7954461625389104
scale:
  max: 44.89272909601706
  mean: 1.4585569562843166
  median: 1.009992011382277
  min: 0.003501455814158838
  num_samples: 3583
  rmse: 2.3825141095712876
  std: 1.883875019097843
trans:
  max: 302.81899405438935
  mean: 5.030902848485222
  median: 3.401381529642359
  min: 1.0103870260733547
  num_samples: 3583
  rmse: 9.78728915121266
  std: 8.395299009478357
