rot:
  max: 4.287098584141638
  mean: 4.287098584141638
  median: 4.287098584141638
  min: 4.287098584141638
  num_samples: 1
  rmse: 4.287098584141638
  std: 0.0
scale:
  max: 2.3825141095712876
  mean: 2.3825141095712876
  median: 2.3825141095712876
  min: 2.3825141095712876
  num_samples: 1
  rmse: 2.3825141095712876
  std: 0.0
trans:
  max: 9.78728915121266
  mean: 9.78728915121266
  median: 9.78728915121266
  min: 9.78728915121266
  num_samples: 1
  rmse: 9.78728915121266
  std: 0.0
