rot:
  max: 24.281871515155853
  mean: 1.4859719698387566
  median: 1.2671774112657308
  min: 0.6817671785678576
  num_samples: 2338
  rmse: 2.002985938250391
  std: 1.3430710977764073
scale:
  max: 1.706339622881714
  mean: 0.3350681448167178
  median: 0.25047199534379283
  min: 4.207278858636698e-05
  num_samples: 2338
  rmse: 0.4326203703248964
  std: 0.2736598676260982
trans:
  max: 3.9880242869398916
  mean: 1.110838440204373
  median: 0.9190236591201167
  min: 0.21233622146538783
  num_samples: 2338
  rmse: 1.2994053719849472
  std: 0.6741604263880037
