rot:
  max: 11.473001170568581
  mean: 0.8280443382807487
  median: 0.661938589735789
  min: 0.055895211944745435
  num_samples: 1377
  rmse: 1.2257333905233052
  std: 0.9037504735738481
scale:
  max: 4.222737668640719
  mean: 1.0583046567820058
  median: 0.8570814980714658
  min: 0.003978691231043552
  num_samples: 1377
  rmse: 1.3110672388198448
  std: 0.7738789040542541
trans:
  max: 5.536584816572461
  mean: 1.6495354246914864
  median: 1.2665042704516674
  min: 0.2845276572093928
  num_samples: 1377
  rmse: 1.9449342242213232
  std: 1.030437780380396
