rot:
  max: 9.10207162595217
  mean: 2.6227228706042167
  median: 1.8053295505552325
  min: 1.1491447305654359
  num_samples: 3034
  rmse: 2.8930402614005852
  std: 1.2210678515522162
scale:
  max: 4.9764565156204865
  mean: 1.1111363847811462
  median: 1.2373295928032657
  min: 0.0012433970015823803
  num_samples: 3034
  rmse: 1.2682045046823756
  std: 0.6113252817544464
trans:
  max: 8.311757009961184
  mean: 2.425267407400675
  median: 2.276341785959194
  min: 0.20898581161392418
  num_samples: 3034
  rmse: 2.7893592628184805
  std: 1.3778980730341657
