rot:
  max: 7.9988030712697356
  mean: 1.9998064615410145
  median: 2.0200508454577184
  min: 0.7898209417526105
  num_samples: 817
  rmse: 2.06120208959804
  std: 0.49932771857982605
scale:
  max: 1.0168937144704904
  mean: 0.19362014808101272
  median: 0.11768024173337555
  min: 0.0012981024594571622
  num_samples: 817
  rmse: 0.2593044177785545
  std: 0.17248193916048668
trans:
  max: 3.065931173657561
  mean: 0.32386505282568395
  median: 0.1263739497945237
  min: 0.03817185306991093
  num_samples: 817
  rmse: 0.4805977091709915
  std: 0.3550853216040081
