rot:
  max: 172.89602656327065
  mean: 44.853726530289556
  median: 38.583013267833586
  min: 8.660224901384689
  num_samples: 2479
  rmse: 48.216845684083786
  std: 17.692015828298032
scale:
  max: 74.67444353638587
  mean: 21.70556802645088
  median: 21.909540337555033
  min: 0.01462799547724547
  num_samples: 2479
  rmse: 25.553723335284083
  std: 13.485588342573545
trans:
  max: 369.9652130052744
  mean: 68.92433829714547
  median: 63.25878218694025
  min: 33.099750851804295
  num_samples: 2479
  rmse: 75.9970134815286
  std: 32.015334582232406
