rot:
  max: 17.21473340562119
  mean: 1.691516032749947
  median: 1.154650851457841
  min: 0.7025043784543347
  num_samples: 1241
  rmse: 2.5232351625440224
  std: 1.872295168088739
scale:
  max: 4.04084411688288
  mean: 1.074649957851966
  median: 1.0299235013057517
  min: 0.0037222347910148557
  num_samples: 1241
  rmse: 1.2464702420939058
  std: 0.6315184340258072
trans:
  max: 5.102033466166919
  mean: 2.041950454448958
  median: 1.8756574914203736
  min: 0.5948461512625457
  num_samples: 1241
  rmse: 2.1633355423007923
  std: 0.7144641419676406
