rot:
  max: 9.80648323301177
  mean: 5.7813385734027944
  median: 6.484753777549693
  min: 1.089578179718806
  num_samples: 2369
  rmse: 6.195989621058597
  std: 2.228544745781603
scale:
  max: 2.7375823187930193
  mean: 0.6353987433375415
  median: 0.6486275229607541
  min: 9.220222518813159e-05
  num_samples: 2369
  rmse: 0.7645137634853074
  std: 0.4251467176440877
trans:
  max: 25.865231158587378
  mean: 9.704819679373728
  median: 9.463757760700515
  min: 0.15235013750081092
  num_samples: 2369
  rmse: 11.109726597189441
  std: 5.407633498596121
