rot:
  max: 9.119908923780493
  mean: 1.6971330436185081
  median: 1.568786026319755
  min: 0.38030618672641886
  num_samples: 2266
  rmse: 1.8756654019484487
  std: 0.7986614629019068
scale:
  max: 1.694090386907554
  mean: 0.6511715369880698
  median: 0.5820110888558438
  min: 0.002023866010369968
  num_samples: 2266
  rmse: 0.7383554108595757
  std: 0.3480579580503909
trans:
  max: 3.8844585092599346
  mean: 1.7286401110318579
  median: 1.7361337217332604
  min: 0.11332433477997499
  num_samples: 2266
  rmse: 1.8512644565520886
  std: 0.6625582650792808
