rot:
  max: 122.3830840878055
  mean: 2.597557238011919
  median: 1.0776649080093355
  min: 0.4807571692059733
  num_samples: 1509
  rmse: 6.825514497709395
  std: 6.311920829168647
scale:
  max: 29.94833254545133
  mean: 2.1632415678045387
  median: 0.7348065471242116
  min: 0.0009080367697644753
  num_samples: 1509
  rmse: 4.156979701503825
  std: 3.549769873954844
trans:
  max: 124.22138954204549
  mean: 3.311748414610204
  median: 2.0401485722161543
  min: 0.12735633342140712
  num_samples: 1509
  rmse: 7.512625255631663
  std: 6.743282633100997
