rot:
  max: 12.93164531274208
  mean: 3.120074417372756
  median: 3.2175828223516945
  min: 0.14818911347397762
  num_samples: 3095
  rmse: 3.534015847195283
  std: 1.6596396109648177
scale:
  max: 5.509693225431134
  mean: 2.4807019946994453
  median: 2.3154931787167876
  min: 0.0013002078733448386
  num_samples: 3095
  rmse: 2.859037338130039
  std: 1.4213416599522755
trans:
  max: 12.75504148548798
  mean: 5.0379900107735
  median: 5.363165316793031
  min: 0.7680981760087496
  num_samples: 3095
  rmse: 5.5522455180423504
  std: 2.3336852709754576
