rot:
  max: 13.603707903341727
  mean: 2.2758753158080394
  median: 2.068601125594702
  min: 0.18319222662578166
  num_samples: 3800
  rmse: 2.6455165924783732
  std: 1.3487585358299095
scale:
  max: 8.017281321591806
  mean: 2.079664798985286
  median: 1.246672447812347
  min: 0.0004066849679462692
  num_samples: 3800
  rmse: 2.9694217157871026
  std: 2.119542320891353
trans:
  max: 17.445716818588647
  mean: 5.974529105998447
  median: 4.1606036885462
  min: 1.5801290066578664
  num_samples: 3800
  rmse: 7.294131806779187
  std: 4.184418809852236
