rot:
  max: 155.31287686307684
  mean: 5.334435990715886
  median: 3.1555558565826183
  min: 0.7193580294605599
  num_samples: 1776
  rmse: 8.092126585350114
  std: 6.084924431271525
scale:
  max: 29.74101505561684
  mean: 2.5695381579131067
  median: 1.5641911952866239
  min: 0.0005502023123327149
  num_samples: 1776
  rmse: 3.74645846949755
  std: 2.7264307654327915
trans:
  max: 472.64154538470115
  mean: 8.637810220475105
  median: 4.765272281644398
  min: 2.2548289214904678
  num_samples: 1776
  rmse: 26.857195516790416
  std: 25.43024155650439
