rot:
  max: 5.460023557239403
  mean: 2.493262087128342
  median: 2.5498330510711043
  min: 0.8120443145539518
  num_samples: 988
  rmse: 2.5188931823301086
  std: 0.3584229748181976
scale:
  max: 2.082846157312035
  mean: 0.18627500620906018
  median: 0.002480674322563603
  min: 0.0001756068607527972
  num_samples: 988
  rmse: 0.4092609231786266
  std: 0.3644120268361574
trans:
  max: 2.6801302228128683
  mean: 0.2987338640403692
  median: 0.05661284362176851
  min: 0.03613614135435896
  num_samples: 988
  rmse: 0.5251605864195872
  std: 0.4319163344955536
