rot:
  max: 17.758965266115272
  mean: 1.6936783027059277
  median: 1.3338040478931057
  min: 0.3504092783704956
  num_samples: 3303
  rmse: 2.214615237737406
  std: 1.4268757683000557
scale:
  max: 8.087832714106934
  mean: 0.966881735277318
  median: 0.5498635791723827
  min: 0.0010941109920725722
  num_samples: 3303
  rmse: 1.5957511236317663
  std: 1.2694728664131294
trans:
  max: 5.178157024659553
  mean: 1.8508799016704647
  median: 1.6438240018242651
  min: 0.10887828256254896
  num_samples: 3303
  rmse: 2.108406957754931
  std: 1.0097640759611788
