rot:
  max: 18.926259876597985
  mean: 1.5925841821942632
  median: 1.6254442669057285
  min: 0.1831425808851256
  num_samples: 1310
  rmse: 2.006695018572763
  std: 1.2208605654166125
scale:
  max: 2.2190033618550764
  mean: 0.6412540370783159
  median: 0.5733886706726032
  min: 3.365404166455477e-05
  num_samples: 1310
  rmse: 0.777827244937406
  std: 0.4402368486368186
trans:
  max: 5.555709463576031
  mean: 1.8480200806528246
  median: 1.682978502522805
  min: 0.19194527043036183
  num_samples: 1310
  rmse: 2.057021842726802
  std: 0.9034160962475121
