rot:
  max: 15.265639277054015
  mean: 3.0064687151246865
  median: 2.504289413310959
  min: 0.5297757864324463
  num_samples: 3127
  rmse: 3.372844533858986
  std: 1.5287989124011565
scale:
  max: 3.456315223037598
  mean: 0.9398745239797333
  median: 0.965049868553991
  min: 5.1638033871093114e-05
  num_samples: 3127
  rmse: 1.2910278547713703
  std: 0.8850925380825647
trans:
  max: 6.369566065457031
  mean: 2.126782621289769
  median: 2.2069103156464727
  min: 0.273081190506025
  num_samples: 3127
  rmse: 2.5186420832054455
  std: 1.3492048121294578
