rot:
  max: 177.18620288373788
  mean: 47.043761110672975
  median: 34.630296018816026
  min: 30.896718630643814
  num_samples: 1394
  rmse: 51.95671278305334
  std: 22.05412759060382
scale:
  max: 61.486577232053854
  mean: 12.233638144317668
  median: 8.45405503075154
  min: 0.037275409735371134
  num_samples: 1394
  rmse: 16.437090042773594
  std: 10.977979177796914
trans:
  max: 225.5768554358464
  mean: 69.71555884869726
  median: 48.88022385780296
  min: 10.180300982794856
  num_samples: 1394
  rmse: 83.74404378395373
  std: 46.39833751011548
