rot:
  max: 141.1976727860686
  mean: 1.706544183200948
  median: 1.0465072728995377
  min: 0.21877014045531185
  num_samples: 1725
  rmse: 7.652329786450535
  std: 7.459615144991134
scale:
  max: 91.36136501650422
  mean: 1.5191951618168502
  median: 0.6370834599790376
  min: 0.0006507250216225557
  num_samples: 1725
  rmse: 3.5687766979471087
  std: 3.229274404587282
trans:
  max: 354.0055308829479
  mean: 3.456990994731444
  median: 1.3636411253512797
  min: 0.15796666257723962
  num_samples: 1725
  rmse: 16.94186805792956
  std: 16.585418491995906
