rot:
  max: 124.67322054137772
  mean: 2.9867733126777947
  median: 1.8220581446625748
  min: 0.22066494433033035
  num_samples: 1011
  rmse: 6.74071041769641
  std: 6.042876973256747
scale:
  max: 34.936256327288476
  mean: 1.4576623474961385
  median: 0.9404945515280594
  min: 0.002085384257233258
  num_samples: 1011
  rmse: 2.6802796385370726
  std: 2.249248634866423
trans:
  max: 379.078745463406
  mean: 7.839411206609234
  median: 5.168118912633169
  min: 0.7095730100331321
  num_samples: 1011
  rmse: 26.637559606464958
  std: 25.457871350952797
