rot:
  max: 135.3783953766223
  mean: 8.762726433806328
  median: 4.014485283445445
  min: 1.3882908482873915
  num_samples: 1413
  rmse: 14.539667760963848
  std: 11.602437849240278
scale:
  max: 98.52861319108008
  mean: 12.376801417454104
  median: 8.093886925021799
  min: 0.3721936507516843
  num_samples: 1413
  rmse: 19.600804064292863
  std: 15.198891625368791
trans:
  max: 360.63567836545246
  mean: 41.80052100300719
  median: 24.95101923943099
  min: 15.391130988763518
  num_samples: 1413
  rmse: 66.61480121136334
  std: 51.86760245381129
