rot:
  max: 51.65641293367647
  mean: 2.347802912490938
  median: 2.163782068908348
  min: 1.0718358571375242
  num_samples: 4148
  rmse: 2.909785657591975
  std: 1.7189165358524625
scale:
  max: 19.12821932258423
  mean: 1.1003500799039778
  median: 0.4783690228415516
  min: 0.00015813902916050893
  num_samples: 4148
  rmse: 2.039566032774346
  std: 1.717282534617468
trans:
  max: 442.5387502795926
  mean: 3.2085830307332626
  median: 2.610515232003482
  min: 0.9210211309437142
  num_samples: 4148
  rmse: 12.284447567889424
  std: 11.85802036526818
