rot:
  max: 179.8704989057819
  mean: 168.57395187545245
  median: 167.36682835803254
  min: 165.4121301024442
  num_samples: 1003
  rmse: 168.59801250220187
  std: 2.8482571487248016
scale:
  max: 59.68612490509329
  mean: 17.580397748874727
  median: 11.646723934747815
  min: 0.21415560974015202
  num_samples: 1003
  rmse: 24.94162112178293
  std: 17.692203909460492
trans:
  max: 196.36265473938062
  mean: 79.12540674893401
  median: 55.58803336791368
  min: 8.469913808769881
  num_samples: 1003
  rmse: 91.45954926092526
  std: 45.86958859448556
