rot:
  max: 31.980115057248934
  mean: 1.6245110770557973
  median: 0.945249854162583
  min: 0.1738207727356872
  num_samples: 2515
  rmse: 2.733457730066046
  std: 2.1983527748250133
scale:
  max: 14.006665086064318
  mean: 1.7111627940667864
  median: 0.8261151398680777
  min: 0.0005727140594435909
  num_samples: 2515
  rmse: 2.902138005872967
  std: 2.343998058304202
trans:
  max: 6.1339267484800315
  mean: 2.396336393627043
  median: 2.201863911650722
  min: 0.10529781653729492
  num_samples: 2515
  rmse: 2.7093041531638744
  std: 1.2640810428645608
