rot:
  max: 58.919309186592876
  mean: 9.438738716162733
  median: 1.5989404155959825
  min: 0.26186430235096836
  num_samples: 1997
  rmse: 19.584023712562452
  std: 17.159376335468
scale:
  max: 41.396783840928094
  mean: 5.638340092087105
  median: 5.207152326930853
  min: 0.006165394633095289
  num_samples: 1997
  rmse: 7.368437512888835
  std: 4.743731905083862
trans:
  max: 233.5290011802685
  mean: 19.92281447659374
  median: 17.33312038286297
  min: 4.267918815024888
  num_samples: 1997
  rmse: 28.235785320877458
  std: 20.00852408394747
