rot:
  max: 99.76443961363343
  mean: 3.0247413622636623
  median: 2.1125317631328633
  min: 1.0407689658038735
  num_samples: 1682
  rmse: 8.244083459740702
  std: 7.669149351954332
scale:
  max: 36.91811827076668
  mean: 1.0095423094029286
  median: 0.7353757520058624
  min: 0.010790439802543794
  num_samples: 1682
  rmse: 2.874493408017948
  std: 2.6913819272381314
trans:
  max: 280.4964327158318
  mean: 5.301479790767145
  median: 3.691940345315678
  min: 0.551443780597586
  num_samples: 1682
  rmse: 22.271285991497113
  std: 21.631100104783
