rot:
  max: 161.2038542374363
  mean: 4.987761276706397
  median: 4.139187657185057
  min: 0.8210777763924093
  num_samples: 2641
  rmse: 9.998649969159308
  std: 8.665750899509955
scale:
  max: 804.8070886292729
  mean: 11.63748959965733
  median: 9.078070100084856
  min: 0.00033536701344871744
  num_samples: 2641
  rmse: 43.8699545452665
  std: 42.29824757152023
trans:
  max: 349.52820568141965
  mean: 8.464003191815868
  median: 6.1409451981703045
  min: 0.9524052042384313
  num_samples: 2641
  rmse: 18.874477307091542
  std: 16.870285818113587
