rot:
  max: 16.016755641306343
  mean: 1.2127663712383288
  median: 0.7482634174304779
  min: 0.19014908562301808
  num_samples: 1129
  rmse: 2.1195303597041724
  std: 1.7382769268735967
scale:
  max: 2.777510252312676
  mean: 0.39037115327340616
  median: 0.24858480518610282
  min: 0.0008483149158911019
  num_samples: 1129
  rmse: 0.5529503367183284
  std: 0.3916177186605627
trans:
  max: 4.0669566581957675
  mean: 1.0528703313522165
  median: 0.8780627722069991
  min: 0.11978274578946725
  num_samples: 1129
  rmse: 1.2902090853628545
  std: 0.7457235072807666
