rot:
  max: 11.698194304809853
  mean: 4.138977923367233
  median: 3.4640358557756565
  min: 0.5229038188138154
  num_samples: 2234
  rmse: 4.710708540531642
  std: 2.249363621942086
scale:
  max: 7.418247839125258
  mean: 2.665007142855628
  median: 2.0839867997853867
  min: 0.012745120361334905
  num_samples: 2234
  rmse: 3.2663291716706935
  std: 1.8885558467346004
trans:
  max: 26.286873413262455
  mean: 9.019528829348923
  median: 6.891844416220891
  min: 0.8108573977931287
  num_samples: 2234
  rmse: 10.799661885922816
  std: 5.939764014403065
