rot:
  max: 8.244083459740702
  mean: 8.244083459740702
  median: 8.244083459740702
  min: 8.244083459740702
  num_samples: 1
  rmse: 8.244083459740702
  std: 0.0
scale:
  max: 2.874493408017948
  mean: 2.874493408017948
  median: 2.874493408017948
  min: 2.874493408017948
  num_samples: 1
  rmse: 2.874493408017948
  std: 0.0
trans:
  max: 22.271285991497113
  mean: 22.271285991497113
  median: 22.271285991497113
  min: 22.271285991497113
  num_samples: 1
  rmse: 22.271285991497113
  std: 0.0
