rot:
  max: 2.5232351625440224
  mean: 2.5232351625440224
  median: 2.5232351625440224
  min: 2.5232351625440224
  num_samples: 1
  rmse: 2.5232351625440224
  std: 0.0
scale:
  max: 1.2464702420939058
  mean: 1.2464702420939058
  median: 1.2464702420939058
  min: 1.2464702420939058
  num_samples: 1
  rmse: 1.2464702420939058
  std: 0.0
trans:
  max: 2.1633355423007923
  mean: 2.1633355423007923
  median: 2.1633355423007923
  min: 2.1633355423007923
  num_samples: 1
  rmse: 2.1633355423007923
  std: 0.0
