rot:
  max: 2.214615237737406
  mean: 2.214615237737406
  median: 2.214615237737406
  min: 2.214615237737406
  num_samples: 1
  rmse: 2.214615237737406
  std: 0.0
scale:
  max: 1.5957511236317663
  mean: 1.5957511236317663
  median: 1.5957511236317663
  min: 1.5957511236317663
  num_samples: 1
  rmse: 1.5957511236317663
  std: 0.0
trans:
  max: 2.108406957754931
  mean: 2.108406957754931
  median: 2.108406957754931
  min: 2.108406957754931
  num_samples: 1
  rmse: 2.108406957754931
  std: 0.0
