rot:
  max: 78.10747643908174
  mean: 1.1956316309150892
  median: 0.713619908510733
  min: 0.1738398821889738
  num_samples: 1109
  rmse: 3.0501758004745434
  std: 2.806071527412629
scale:
  max: 29.893572597926266
  mean: 0.9200392203032266
  median: 0.7623183347747031
  min: 0.0008072154599414461
  num_samples: 1109
  rmse: 1.43472494550267
  std: 1.100892139290435
trans:
  max: 260.09499655249886
  mean: 2.0436172295922077
  median: 1.4768551572141821
  min: 0.3000444763378656
  num_samples: 1109
  rmse: 8.075121527278569
  std: 7.812247839081374
