rot:
  max: 3.0501758004745434
  mean: 3.0501758004745434
  median: 3.0501758004745434
  min: 3.0501758004745434
  num_samples: 1
  rmse: 3.0501758004745434
  std: 0.0
scale:
  max: 1.43472494550267
  mean: 1.43472494550267
  median: 1.43472494550267
  min: 1.43472494550267
  num_samples: 1
  rmse: 1.43472494550267
  std: 0.0
trans:
  max: 8.075121527278569
  mean: 8.075121527278569
  median: 8.075121527278569
  min: 8.075121527278569
  num_samples: 1
  rmse: 8.075121527278569
  std: 0.0
