rot:
  max: 2.002985938250391
  mean: 2.002985938250391
  median: 2.002985938250391
  min: 2.002985938250391
  num_samples: 1
  rmse: 2.002985938250391
  std: 0.0
scale:
  max: 0.4326203703248964
  mean: 0.4326203703248964
  median: 0.4326203703248964
  min: 0.4326203703248964
  num_samples: 1
  rmse: 0.4326203703248964
  std: 0.0
trans:
  max: 1.2994053719849472
  mean: 1.2994053719849472
  median: 1.2994053719849472
  min: 1.2994053719849472
  num_samples: 1
  rmse: 1.2994053719849472
  std: 0.0
