rot:
  max: 16.113826753112203
  mean: 1.3861004119886922
  median: 1.0868033886634274
  min: 0.4966454779438172
  num_samples: 2109
  rmse: 1.737864211487548
  std: 1.0482831990707548
scale:
  max: 3.7146831027942473
  mean: 0.9617877581927912
  median: 1.0570030248707063
  min: 0.00372178710410509
  num_samples: 2109
  rmse: 1.1905171335370883
  std: 0.7016376225914986
trans:
  max: 5.6382344909179976
  mean: 1.6880128827357683
  median: 1.7771151032252719
  min: 0.060632873834584475
  num_samples: 2109
  rmse: 2.026099198300214
  std: 1.120575954173054
