rot:
  max: 1.737864211487548
  mean: 1.737864211487548
  median: 1.737864211487548
  min: 1.737864211487548
  num_samples: 1
  rmse: 1.737864211487548
  std: 0.0
scale:
  max: 1.1905171335370883
  mean: 1.1905171335370883
  median: 1.1905171335370883
  min: 1.1905171335370883
  num_samples: 1
  rmse: 1.1905171335370883
  std: 0.0
trans:
  max: 2.026099198300214
  mean: 2.026099198300214
  median: 2.026099198300214
  min: 2.026099198300214
  num_samples: 1
  rmse: 2.026099198300214
  std: 0.0
