rot:
  max: 2.909785657591975
  mean: 2.909785657591975
  median: 2.909785657591975
  min: 2.909785657591975
  num_samples: 1
  rmse: 2.909785657591975
  std: 0.0
scale:
  max: 2.039566032774346
  mean: 2.039566032774346
  median: 2.039566032774346
  min: 2.039566032774346
  num_samples: 1
  rmse: 2.039566032774346
  std: 0.0
trans:
  max: 12.284447567889424
  mean: 12.284447567889424
  median: 12.284447567889424
  min: 12.284447567889424
  num_samples: 1
  rmse: 12.284447567889424
  std: 0.0
