rot:
  max: 2.006695018572763
  mean: 2.006695018572763
  median: 2.006695018572763
  min: 2.006695018572763
  num_samples: 1
  rmse: 2.006695018572763
  std: 0.0
scale:
  max: 0.777827244937406
  mean: 0.777827244937406
  median: 0.777827244937406
  min: 0.777827244937406
  num_samples: 1
  rmse: 0.777827244937406
  std: 0.0
trans:
  max: 2.057021842726802
  mean: 2.057021842726802
  median: 2.057021842726802
  min: 2.057021842726802
  num_samples: 1
  rmse: 2.057021842726802
  std: 0.0
