rot:
  max: 11.642682025580442
  mean: 1.8334410385435544
  median: 1.511913532764584
  min: 0.23130148519672775
  num_samples: 5405
  rmse: 2.1487794759171064
  std: 1.1206012646373944
scale:
  max: 13.508749386062957
  mean: 0.9644817090757248
  median: 0.2829320610887587
  min: 0.00042947259957237804
  num_samples: 5405
  rmse: 1.8359245897880554
  std: 1.5621760887450582
trans:
  max: 7.753257030553782
  mean: 2.38654191475645
  median: 2.1176907701771723
  min: 0.33335505941814675
  num_samples: 5405
  rmse: 2.6251138437189625
  std: 1.0934534199478114
