rot:
  max: 2.1487794759171064
  mean: 2.1487794759171064
  median: 2.1487794759171064
  min: 2.1487794759171064
  num_samples: 1
  rmse: 2.1487794759171064
  std: 0.0
scale:
  max: 1.8359245897880554
  mean: 1.8359245897880554
  median: 1.8359245897880554
  min: 1.8359245897880554
  num_samples: 1
  rmse: 1.8359245897880554
  std: 0.0
trans:
  max: 2.6251138437189625
  mean: 2.6251138437189625
  median: 2.6251138437189625
  min: 2.6251138437189625
  num_samples: 1
  rmse: 2.6251138437189625
  std: 0.0
