rot:
  max: 6.825514497709395
  mean: 6.825514497709395
  median: 6.825514497709395
  min: 6.825514497709395
  num_samples: 1
  rmse: 6.825514497709395
  std: 0.0
scale:
  max: 4.156979701503825
  mean: 4.156979701503825
  median: 4.156979701503825
  min: 4.156979701503825
  num_samples: 1
  rmse: 4.156979701503825
  std: 0.0
trans:
  max: 7.512625255631663
  mean: 7.512625255631663
  median: 7.512625255631663
  min: 7.512625255631663
  num_samples: 1
  rmse: 7.512625255631663
  std: 0.0
