rot:
  max: 171.86621265619866
  mean: 44.15652691530763
  median: 36.98686936211694
  min: 7.299784601074742
  num_samples: 1778
  rmse: 52.73855031234394
  std: 28.836709587353155
scale:
  max: 44.20356539590551
  mean: 19.043200866261085
  median: 20.72341039990352
  min: 0.0019614702466252965
  num_samples: 1778
  rmse: 22.006486738708638
  std: 11.029141369489839
trans:
  max: 357.41385589304645
  mean: 74.66879022618626
  median: 61.40192168746184
  min: 34.110991252537026
  num_samples: 1778
  rmse: 86.94998003745643
  std: 44.551888789049805
