rot:
  max: 52.73855031234394
  mean: 52.73855031234394
  median: 52.73855031234394
  min: 52.73855031234394
  num_samples: 1
  rmse: 52.73855031234394
  std: 0.0
scale:
  max: 22.006486738708638
  mean: 22.006486738708638
  median: 22.006486738708638
  min: 22.006486738708638
  num_samples: 1
  rmse: 22.006486738708638
  std: 0.0
trans:
  max: 86.94998003745643
  mean: 86.94998003745643
  median: 86.94998003745643
  min: 86.94998003745643
  num_samples: 1
  rmse: 86.94998003745643
  std: 0.0
