rot:
  max: 48.216845684083786
  mean: 48.216845684083786
  median: 48.216845684083786
  min: 48.216845684083786
  num_samples: 1
  rmse: 48.216845684083786
  std: 0.0
scale:
  max: 25.553723335284083
  mean: 25.553723335284083
  median: 25.553723335284083
  min: 25.553723335284083
  num_samples: 1
  rmse: 25.553723335284083
  std: 0.0
trans:
  max: 75.9970134815286
  mean: 75.9970134815286
  median: 75.9970134815286
  min: 75.9970134815286
  num_samples: 1
  rmse: 75.9970134815286
  std: 0.0
