rot:
  max: 23.635962945810938
  mean: 1.2303260162790437
  median: 1.1404885488433645
  min: 0.0694193307387016
  num_samples: 1462
  rmse: 1.8383854422241406
  std: 1.3660010716864708
scale:
  max: 2.0193659178054046
  mean: 0.40059219068220825
  median: 0.34302090261245644
  min: 0.0017160382260961171
  num_samples: 1462
  rmse: 0.5086709510392596
  std: 0.313483704832666
trans:
  max: 3.3820842380093477
  mean: 0.9723281964337833
  median: 0.9144472326841278
  min: 0.12927911955135996
  num_samples: 1462
  rmse: 1.1535391536983892
  std: 0.6206693624910303
