rot:
  max: 1.8383854422241406
  mean: 1.8383854422241406
  median: 1.8383854422241406
  min: 1.8383854422241406
  num_samples: 1
  rmse: 1.8383854422241406
  std: 0.0
scale:
  max: 0.5086709510392596
  mean: 0.5086709510392596
  median: 0.5086709510392596
  min: 0.5086709510392596
  num_samples: 1
  rmse: 0.5086709510392596
  std: 0.0
trans:
  max: 1.1535391536983892
  mean: 1.1535391536983892
  median: 1.1535391536983892
  min: 1.1535391536983892
  num_samples: 1
  rmse: 1.1535391536983892
  std: 0.0
