rot:
  max: 4.710708540531642
  mean: 4.710708540531642
  median: 4.710708540531642
  min: 4.710708540531642
  num_samples: 1
  rmse: 4.710708540531642
  std: 0.0
scale:
  max: 3.2663291716706935
  mean: 3.2663291716706935
  median: 3.2663291716706935
  min: 3.2663291716706935
  num_samples: 1
  rmse: 3.2663291716706935
  std: 0.0
trans:
  max: 10.799661885922816
  mean: 10.799661885922816
  median: 10.799661885922816
  min: 10.799661885922816
  num_samples: 1
  rmse: 10.799661885922816
  std: 0.0
