rot:
  max: 132.24598921404993
  mean: 3.888982822148213
  median: 2.136988189083196
  min: 0.84546304754612
  num_samples: 1094
  rmse: 8.574657105165505
  std: 7.642025718368225
scale:
  max: 30.89327875954586
  mean: 2.692401283427806
  median: 0.9922958576043583
  min: 0.001669675870641374
  num_samples: 1094
  rmse: 5.1600544121901954
  std: 4.401946940361707
trans:
  max: 137.8019780221558
  mean: 4.669996912974312
  median: 2.6304191916375306
  min: 0.457465606831223
  num_samples: 1094
  rmse: 9.486358897512064
  std: 8.25724736005993
