rot:
  max: 8.574657105165505
  mean: 8.574657105165505
  median: 8.574657105165505
  min: 8.574657105165505
  num_samples: 1
  rmse: 8.574657105165505
  std: 0.0
scale:
  max: 5.1600544121901954
  mean: 5.1600544121901954
  median: 5.1600544121901954
  min: 5.1600544121901954
  num_samples: 1
  rmse: 5.1600544121901954
  std: 0.0
trans:
  max: 9.486358897512064
  mean: 9.486358897512064
  median: 9.486358897512064
  min: 9.486358897512064
  num_samples: 1
  rmse: 9.486358897512064
  std: 0.0
