rot:
  max: 6.74071041769641
  mean: 6.74071041769641
  median: 6.74071041769641
  min: 6.74071041769641
  num_samples: 1
  rmse: 6.74071041769641
  std: 0.0
scale:
  max: 2.6802796385370726
  mean: 2.6802796385370726
  median: 2.6802796385370726
  min: 2.6802796385370726
  num_samples: 1
  rmse: 2.6802796385370726
  std: 0.0
trans:
  max: 26.637559606464958
  mean: 26.637559606464958
  median: 26.637559606464958
  min: 26.637559606464958
  num_samples: 1
  rmse: 26.637559606464958
  std: 0.0
