rot:
  max: 2.06120208959804
  mean: 2.06120208959804
  median: 2.06120208959804
  min: 2.06120208959804
  num_samples: 1
  rmse: 2.06120208959804
  std: 0.0
scale:
  max: 0.2593044177785545
  mean: 0.2593044177785545
  median: 0.2593044177785545
  min: 0.2593044177785545
  num_samples: 1
  rmse: 0.2593044177785545
  std: 0.0
trans:
  max: 0.4805977091709915
  mean: 0.4805977091709915
  median: 0.4805977091709915
  min: 0.4805977091709915
  num_samples: 1
  rmse: 0.4805977091709915
  std: 0.0
