rot:
  max: 3.534015847195283
  mean: 3.534015847195283
  median: 3.534015847195283
  min: 3.534015847195283
  num_samples: 1
  rmse: 3.534015847195283
  std: 0.0
scale:
  max: 2.859037338130039
  mean: 2.859037338130039
  median: 2.859037338130039
  min: 2.859037338130039
  num_samples: 1
  rmse: 2.859037338130039
  std: 0.0
trans:
  max: 5.5522455180423504
  mean: 5.5522455180423504
  median: 5.5522455180423504
  min: 5.5522455180423504
  num_samples: 1
  rmse: 5.5522455180423504
  std: 0.0
