rot:
  max: 177.35462315765395
  mean: 1.9154814400717153
  median: 0.8182583356379144
  min: 0.16469468520764127
  num_samples: 4225
  rmse: 12.18382712989342
  std: 12.032313758536537
scale:
  max: 117.79145742417766
  mean: 2.8775068336262613
  median: 1.2312844960179925
  min: 0.0011849338125591302
  num_samples: 4225
  rmse: 7.647017478501552
  std: 7.0849721762998055
trans:
  max: 325.2066697308767
  mean: 6.957811522546729
  median: 4.718917840538212
  min: 0.22148888930899616
  num_samples: 4225
  rmse: 22.593738480034222
  std: 21.495717650753022
