rot:
  max: 12.18382712989342
  mean: 12.18382712989342
  median: 12.18382712989342
  min: 12.18382712989342
  num_samples: 1
  rmse: 12.18382712989342
  std: 0.0
scale:
  max: 7.647017478501552
  mean: 7.647017478501552
  median: 7.647017478501552
  min: 7.647017478501552
  num_samples: 1
  rmse: 7.647017478501552
  std: 0.0
trans:
  max: 22.593738480034222
  mean: 22.593738480034222
  median: 22.593738480034222
  min: 22.593738480034222
  num_samples: 1
  rmse: 22.593738480034222
  std: 0.0
