rot:
  max: 105.5831650932057
  mean: 57.312275196276474
  median: 53.72783868943722
  min: 14.943554964103077
  num_samples: 318
  rmse: 58.595180159816096
  std: 12.194189181227959
scale:
  max: 180.31583956137163
  mean: 28.60639436172543
  median: 14.013767672139238
  min: 0.8663907602698862
  num_samples: 318
  rmse: 45.2794866599983
  std: 35.098520108608675
trans:
  max: 46.58924644944144
  mean: 18.44968774362999
  median: 16.14626087027606
  min: 7.214505534719578
  num_samples: 318
  rmse: 21.322257229023627
  std: 10.688670427288855
