rot:
  max: 58.595180159816096
  mean: 58.595180159816096
  median: 58.595180159816096
  min: 58.595180159816096
  num_samples: 1
  rmse: 58.595180159816096
  std: 0.0
scale:
  max: 45.2794866599983
  mean: 45.2794866599983
  median: 45.2794866599983
  min: 45.2794866599983
  num_samples: 1
  rmse: 45.2794866599983
  std: 0.0
trans:
  max: 21.322257229023627
  mean: 21.322257229023627
  median: 21.322257229023627
  min: 21.322257229023627
  num_samples: 1
  rmse: 21.322257229023627
  std: 0.0
