rot:
  max: 12.344462636368014
  mean: 2.162834321948558
  median: 2.1387700638864153
  min: 0.2156218302418217
  num_samples: 3580
  rmse: 2.4937290378208092
  std: 1.2413026262245714
scale:
  max: 12.978923109053042
  mean: 1.9844369118183591
  median: 0.6395174578433693
  min: 0.0010236157886867048
  num_samples: 3580
  rmse: 3.2851236454408137
  std: 2.618023588290822
trans:
  max: 8.160242011116638
  mean: 1.8172793184679294
  median: 1.455016898664688
  min: 0.11171673354839881
  num_samples: 3580
  rmse: 2.432171005673173
  std: 1.6164627058815777
