rot:
  max: 2.4937290378208092
  mean: 2.4937290378208092
  median: 2.4937290378208092
  min: 2.4937290378208092
  num_samples: 1
  rmse: 2.4937290378208092
  std: 0.0
scale:
  max: 3.2851236454408137
  mean: 3.2851236454408137
  median: 3.2851236454408137
  min: 3.2851236454408137
  num_samples: 1
  rmse: 3.2851236454408137
  std: 0.0
trans:
  max: 2.432171005673173
  mean: 2.432171005673173
  median: 2.432171005673173
  min: 2.432171005673173
  num_samples: 1
  rmse: 2.432171005673173
  std: 0.0
