rot:
  max: 19.584023712562452
  mean: 19.584023712562452
  median: 19.584023712562452
  min: 19.584023712562452
  num_samples: 1
  rmse: 19.584023712562452
  std: 0.0
scale:
  max: 7.368437512888835
  mean: 7.368437512888835
  median: 7.368437512888835
  min: 7.368437512888835
  num_samples: 1
  rmse: 7.368437512888835
  std: 0.0
trans:
  max: 28.235785320877458
  mean: 28.235785320877458
  median: 28.235785320877458
  min: 28.235785320877458
  num_samples: 1
  rmse: 28.235785320877458
  std: 0.0
