rot:
  max: 6.195989621058597
  mean: 6.195989621058597
  median: 6.195989621058597
  min: 6.195989621058597
  num_samples: 1
  rmse: 6.195989621058597
  std: 0.0
scale:
  max: 0.7645137634853074
  mean: 0.7645137634853074
  median: 0.7645137634853074
  min: 0.7645137634853074
  num_samples: 1
  rmse: 0.7645137634853074
  std: 0.0
trans:
  max: 11.109726597189441
  mean: 11.109726597189441
  median: 11.109726597189441
  min: 11.109726597189441
  num_samples: 1
  rmse: 11.109726597189441
  std: 0.0
