rot:
  max: 2.6455165924783732
  mean: 2.6455165924783732
  median: 2.6455165924783732
  min: 2.6455165924783732
  num_samples: 1
  rmse: 2.6455165924783732
  std: 0.0
scale:
  max: 2.9694217157871026
  mean: 2.9694217157871026
  median: 2.9694217157871026
  min: 2.9694217157871026
  num_samples: 1
  rmse: 2.9694217157871026
  std: 0.0
trans:
  max: 7.294131806779187
  mean: 7.294131806779187
  median: 7.294131806779187
  min: 7.294131806779187
  num_samples: 1
  rmse: 7.294131806779187
  std: 0.0
