rot:
  max: 168.59801250220187
  mean: 168.59801250220187
  median: 168.59801250220187
  min: 168.59801250220187
  num_samples: 1
  rmse: 168.59801250220187
  std: 0.0
scale:
  max: 24.94162112178293
  mean: 24.94162112178293
  median: 24.94162112178293
  min: 24.94162112178293
  num_samples: 1
  rmse: 24.94162112178293
  std: 0.0
trans:
  max: 91.45954926092526
  mean: 91.45954926092526
  median: 91.45954926092526
  min: 91.45954926092526
  num_samples: 1
  rmse: 91.45954926092526
  std: 0.0
