rot:
  max: 14.165845806186963
  mean: 2.451682800916177
  median: 2.327813333897845
  min: 0.10743541861364793
  num_samples: 3445
  rmse: 2.7294924776526712
  std: 1.199741901099702
scale:
  max: 18.047248882248468
  mean: 1.7905963981352193
  median: 1.3110585520585194
  min: 2.1633966151846096e-05
  num_samples: 3445
  rmse: 2.949571218260904
  std: 2.343871777759674
trans:
  max: 10.515303121213247
  mean: 4.432060721891227
  median: 4.160611619887193
  min: 1.375582011302212
  num_samples: 3445
  rmse: 4.639064443461581
  std: 1.370312616908465
