rot:
  max: 2.7294924776526712
  mean: 2.7294924776526712
  median: 2.7294924776526712
  min: 2.7294924776526712
  num_samples: 1
  rmse: 2.7294924776526712
  std: 0.0
scale:
  max: 2.949571218260904
  mean: 2.949571218260904
  median: 2.949571218260904
  min: 2.949571218260904
  num_samples: 1
  rmse: 2.949571218260904
  std: 0.0
trans:
  max: 4.639064443461581
  mean: 4.639064443461581
  median: 4.639064443461581
  min: 4.639064443461581
  num_samples: 1
  rmse: 4.639064443461581
  std: 0.0
