rot:
  max: 1.8756654019484487
  mean: 1.8756654019484487
  median: 1.8756654019484487
  min: 1.8756654019484487
  num_samples: 1
  rmse: 1.8756654019484487
  std: 0.0
scale:
  max: 0.7383554108595757
  mean: 0.7383554108595757
  median: 0.7383554108595757
  min: 0.7383554108595757
  num_samples: 1
  rmse: 0.7383554108595757
  std: 0.0
trans:
  max: 1.8512644565520886
  mean: 1.8512644565520886
  median: 1.8512644565520886
  min: 1.8512644565520886
  num_samples: 1
  rmse: 1.8512644565520886
  std: 0.0
