rot:
  max: 2.8930402614005852
  mean: 2.8930402614005852
  median: 2.8930402614005852
  min: 2.8930402614005852
  num_samples: 1
  rmse: 2.8930402614005852
  std: 0.0
scale:
  max: 1.2682045046823756
  mean: 1.2682045046823756
  median: 1.2682045046823756
  min: 1.2682045046823756
  num_samples: 1
  rmse: 1.2682045046823756
  std: 0.0
trans:
  max: 2.7893592628184805
  mean: 2.7893592628184805
  median: 2.7893592628184805
  min: 2.7893592628184805
  num_samples: 1
  rmse: 2.7893592628184805
  std: 0.0
