rot:
  max: 1.2257333905233052
  mean: 1.2257333905233052
  median: 1.2257333905233052
  min: 1.2257333905233052
  num_samples: 1
  rmse: 1.2257333905233052
  std: 0.0
scale:
  max: 1.3110672388198448
  mean: 1.3110672388198448
  median: 1.3110672388198448
  min: 1.3110672388198448
  num_samples: 1
  rmse: 1.3110672388198448
  std: 0.0
trans:
  max: 1.9449342242213232
  mean: 1.9449342242213232
  median: 1.9449342242213232
  min: 1.9449342242213232
  num_samples: 1
  rmse: 1.9449342242213232
  std: 0.0
