rot:
  max: 2.1195303597041724
  mean: 2.1195303597041724
  median: 2.1195303597041724
  min: 2.1195303597041724
  num_samples: 1
  rmse: 2.1195303597041724
  std: 0.0
scale:
  max: 0.5529503367183284
  mean: 0.5529503367183284
  median: 0.5529503367183284
  min: 0.5529503367183284
  num_samples: 1
  rmse: 0.5529503367183284
  std: 0.0
trans:
  max: 1.2902090853628545
  mean: 1.2902090853628545
  median: 1.2902090853628545
  min: 1.2902090853628545
  num_samples: 1
  rmse: 1.2902090853628545
  std: 0.0
