rot:
  max: 6.991904559901643
  mean: 3.3040284483586992
  median: 3.3972387026190107
  min: 0.42958511126667615
  num_samples: 696
  rmse: 3.6022253177307526
  std: 1.4350690757370639
scale:
  max: 1.239793860961802
  mean: 0.3161475061698148
  median: 0.2546511523485784
  min: 0.00022172967268918597
  num_samples: 696
  rmse: 0.4064811351748537
  std: 0.25549494632114456
trans:
  max: 3.3783178292962153
  mean: 1.5195551629727821
  median: 1.3754403827961141
  min: 0.287725582999879
  num_samples: 696
  rmse: 1.6480229476916475
  std: 0.6379120180722642
