rot:
  max: 3.6022253177307526
  mean: 3.6022253177307526
  median: 3.6022253177307526
  min: 3.6022253177307526
  num_samples: 1
  rmse: 3.6022253177307526
  std: 0.0
scale:
  max: 0.4064811351748537
  mean: 0.4064811351748537
  median: 0.4064811351748537
  min: 0.4064811351748537
  num_samples: 1
  rmse: 0.4064811351748537
  std: 0.0
trans:
  max: 1.6480229476916475
  mean: 1.6480229476916475
  median: 1.6480229476916475
  min: 1.6480229476916475
  num_samples: 1
  rmse: 1.6480229476916475
  std: 0.0
