rot:
  max: 8.092126585350114
  mean: 8.092126585350114
  median: 8.092126585350114
  min: 8.092126585350114
  num_samples: 1
  rmse: 8.092126585350114
  std: 0.0
scale:
  max: 3.74645846949755
  mean: 3.74645846949755
  median: 3.74645846949755
  min: 3.74645846949755
  num_samples: 1
  rmse: 3.74645846949755
  std: 0.0
trans:
  max: 26.857195516790416
  mean: 26.857195516790416
  median: 26.857195516790416
  min: 26.857195516790416
  num_samples: 1
  rmse: 26.857195516790416
  std: 0.0
