rot:
  max: 19.77361828972567
  mean: 2.6233791470562386
  median: 2.4827244960115094
  min: 0.3347325169893798
  num_samples: 752
  rmse: 3.064358210201073
  std: 1.5837212795240214
scale:
  max: 2.0013463835709455
  mean: 0.2675686311858354
  median: 0.04443939940024233
  min: 0.0002248346505862031
  num_samples: 752
  rmse: 0.4993323684930715
  std: 0.4215920324558316
trans:
  max: 3.0566368874976293
  mean: 0.41388766858464876
  median: 0.11211497890363378
  min: 0.041637266246079316
  num_samples: 752
  rmse: 0.6728647488752411
  std: 0.5305129292227525
