rot:
  max: 3.064358210201073
  mean: 3.064358210201073
  median: 3.064358210201073
  min: 3.064358210201073
  num_samples: 1
  rmse: 3.064358210201073
  std: 0.0
scale:
  max: 0.4993323684930715
  mean: 0.4993323684930715
  median: 0.4993323684930715
  min: 0.4993323684930715
  num_samples: 1
  rmse: 0.4993323684930715
  std: 0.0
trans:
  max: 0.6728647488752411
  mean: 0.6728647488752411
  median: 0.6728647488752411
  min: 0.6728647488752411
  num_samples: 1
  rmse: 0.6728647488752411
  std: 0.0
