rot:
  max: 9.95571800450934
  mean: 1.7033344338504866
  median: 1.5180535753829831
  min: 0.22897402084147153
  num_samples: 3659
  rmse: 1.9411258207660715
  std: 0.9309249478362887
scale:
  max: 29.171470908366604
  mean: 2.5184150090491206
  median: 1.4062527653776469
  min: 0.0034449461872254616
  num_samples: 3659
  rmse: 4.592977679836697
  std: 3.8409673013023955
trans:
  max: 9.2989961951926
  mean: 3.445134820813368
  median: 3.2752624414330125
  min: 0.27054225152994105
  num_samples: 3659
  rmse: 3.7685352483312027
  std: 1.5273846877371668
