rot:
  max: 1.9411258207660715
  mean: 1.9411258207660715
  median: 1.9411258207660715
  min: 1.9411258207660715
  num_samples: 1
  rmse: 1.9411258207660715
  std: 0.0
scale:
  max: 4.592977679836697
  mean: 4.592977679836697
  median: 4.592977679836697
  min: 4.592977679836697
  num_samples: 1
  rmse: 4.592977679836697
  std: 0.0
trans:
  max: 3.7685352483312027
  mean: 3.7685352483312027
  median: 3.7685352483312027
  min: 3.7685352483312027
  num_samples: 1
  rmse: 3.7685352483312027
  std: 0.0
