rot:
  max: 9.998649969159308
  mean: 9.998649969159308
  median: 9.998649969159308
  min: 9.998649969159308
  num_samples: 1
  rmse: 9.998649969159308
  std: 0.0
scale:
  max: 43.8699545452665
  mean: 43.8699545452665
  median: 43.8699545452665
  min: 43.8699545452665
  num_samples: 1
  rmse: 43.8699545452665
  std: 0.0
trans:
  max: 18.874477307091542
  mean: 18.874477307091542
  median: 18.874477307091542
  min: 18.874477307091542
  num_samples: 1
  rmse: 18.874477307091542
  std: 0.0
