rot:
  max: 179.18815795520902
  mean: 8.27692792573898
  median: 2.98866576668271
  min: 0.9588392485169289
  num_samples: 3176
  rmse: 29.614371991738135
  std: 28.43419583137822
scale:
  max: 601.2856414049755
  mean: 14.38473636553893
  median: 6.934728172799981
  min: 0.007650336711839678
  num_samples: 3176
  rmse: 46.125608646820986
  std: 43.82523397237749
trans:
  max: 280.9731746776377
  mean: 25.88896006807583
  median: 20.96378992388254
  min: 2.458597514649805
  num_samples: 3176
  rmse: 44.90453637894007
  std: 36.69031389891789
