rot:
  max: 29.614371991738135
  mean: 29.614371991738135
  median: 29.614371991738135
  min: 29.614371991738135
  num_samples: 1
  rmse: 29.614371991738135
  std: 0.0
scale:
  max: 46.125608646820986
  mean: 46.125608646820986
  median: 46.125608646820986
  min: 46.125608646820986
  num_samples: 1
  rmse: 46.125608646820986
  std: 0.0
trans:
  max: 44.90453637894007
  mean: 44.90453637894007
  median: 44.90453637894007
  min: 44.90453637894007
  num_samples: 1
  rmse: 44.90453637894007
  std: 0.0
