rot:
  max: 51.95671278305334
  mean: 51.95671278305334
  median: 51.95671278305334
  min: 51.95671278305334
  num_samples: 1
  rmse: 51.95671278305334
  std: 0.0
scale:
  max: 16.437090042773594
  mean: 16.437090042773594
  median: 16.437090042773594
  min: 16.437090042773594
  num_samples: 1
  rmse: 16.437090042773594
  std: 0.0
trans:
  max: 83.74404378395373
  mean: 83.74404378395373
  median: 83.74404378395373
  min: 83.74404378395373
  num_samples: 1
  rmse: 83.74404378395373
  std: 0.0
