rot:
  max: 88.60256339332135
  mean: 4.239723281819209
  median: 2.4429069734750852
  min: 1.4274706756728592
  num_samples: 498
  rmse: 6.437097341342663
  std: 4.843652410683587
scale:
  max: 7.27257475384071
  mean: 0.8348031373113902
  median: 0.7261335866512231
  min: 0.00027990921045439876
  num_samples: 498
  rmse: 1.0574343148571972
  std: 0.6490539670725157
trans:
  max: 301.63188357664865
  mean: 4.456507199595916
  median: 3.8872539738597425
  min: 0.6654193054468085
  num_samples: 498
  rmse: 14.132559382705336
  std: 13.411516628839646
