rot:
  max: 6.437097341342663
  mean: 6.437097341342663
  median: 6.437097341342663
  min: 6.437097341342663
  num_samples: 1
  rmse: 6.437097341342663
  std: 0.0
scale:
  max: 1.0574343148571972
  mean: 1.0574343148571972
  median: 1.0574343148571972
  min: 1.0574343148571972
  num_samples: 1
  rmse: 1.0574343148571972
  std: 0.0
trans:
  max: 14.132559382705336
  mean: 14.132559382705336
  median: 14.132559382705336
  min: 14.132559382705336
  num_samples: 1
  rmse: 14.132559382705336
  std: 0.0
