rot:
  max: 14.539667760963848
  mean: 14.539667760963848
  median: 14.539667760963848
  min: 14.539667760963848
  num_samples: 1
  rmse: 14.539667760963848
  std: 0.0
scale:
  max: 19.600804064292863
  mean: 19.600804064292863
  median: 19.600804064292863
  min: 19.600804064292863
  num_samples: 1
  rmse: 19.600804064292863
  std: 0.0
trans:
  max: 66.61480121136334
  mean: 66.61480121136334
  median: 66.61480121136334
  min: 66.61480121136334
  num_samples: 1
  rmse: 66.61480121136334
  std: 0.0
