rot:
  max: 7.652329786450535
  mean: 7.652329786450535
  median: 7.652329786450535
  min: 7.652329786450535
  num_samples: 1
  rmse: 7.652329786450535
  std: 0.0
scale:
  max: 3.5687766979471087
  mean: 3.5687766979471087
  median: 3.5687766979471087
  min: 3.5687766979471087
  num_samples: 1
  rmse: 3.5687766979471087
  std: 0.0
trans:
  max: 16.94186805792956
  mean: 16.94186805792956
  median: 16.94186805792956
  min: 16.94186805792956
  num_samples: 1
  rmse: 16.94186805792956
  std: 0.0
