rot:
  max: 2.733457730066046
  mean: 2.733457730066046
  median: 2.733457730066046
  min: 2.733457730066046
  num_samples: 1
  rmse: 2.733457730066046
  std: 0.0
scale:
  max: 2.902138005872967
  mean: 2.902138005872967
  median: 2.902138005872967
  min: 2.902138005872967
  num_samples: 1
  rmse: 2.902138005872967
  std: 0.0
trans:
  max: 2.7093041531638744
  mean: 2.7093041531638744
  median: 2.7093041531638744
  min: 2.7093041531638744
  num_samples: 1
  rmse: 2.7093041531638744
  std: 0.0
