rot:
  max: 179.5050980982083
  mean: 7.106155277228449
  median: 3.221200758624836
  min: 1.105750688654398
  num_samples: 2205
  rmse: 20.450625890875703
  std: 19.1763045580861
scale:
  max: 41.081133621453205
  mean: 6.245021611782345
  median: 4.7469248323648845
  min: 0.008076292328373924
  num_samples: 2205
  rmse: 8.58785025628078
  std: 5.894987454835954
trans:
  max: 197.98965663485438
  mean: 19.357952870368177
  median: 16.919005612406092
  min: 2.3242021112606412
  num_samples: 2205
  rmse: 24.965440666532203
  std: 15.765243047373053
