rot:
  max: 20.450625890875703
  mean: 20.450625890875703
  median: 20.450625890875703
  min: 20.450625890875703
  num_samples: 1
  rmse: 20.450625890875703
  std: 0.0
scale:
  max: 8.58785025628078
  mean: 8.58785025628078
  median: 8.58785025628078
  min: 8.58785025628078
  num_samples: 1
  rmse: 8.58785025628078
  std: 0.0
trans:
  max: 24.965440666532203
  mean: 24.965440666532203
  median: 24.965440666532203
  min: 24.965440666532203
  num_samples: 1
  rmse: 24.965440666532203
  std: 0.0
