rot:
  max: 2.5188931823301086
  mean: 2.5188931823301086
  median: 2.5188931823301086
  min: 2.5188931823301086
  num_samples: 1
  rmse: 2.5188931823301086
  std: 0.0
scale:
  max: 0.4092609231786266
  mean: 0.4092609231786266
  median: 0.4092609231786266
  min: 0.4092609231786266
  num_samples: 1
  rmse: 0.4092609231786266
  std: 0.0
trans:
  max: 0.5251605864195872
  mean: 0.5251605864195872
  median: 0.5251605864195872
  min: 0.5251605864195872
  num_samples: 1
  rmse: 0.5251605864195872
  std: 0.0
