rot:
  max: 22.798114579875083
  mean: 2.4325384982888743
  median: 2.0310843529894402
  min: 1.0984210285591192
  num_samples: 1043
  rmse: 3.005513186263323
  std: 1.7651815677559124
scale:
  max: 3.0585558320458395
  mean: 0.5180326499599089
  median: 0.41251042119085923
  min: 0.002386453449032544
  num_samples: 1043
  rmse: 0.6372639170466232
  std: 0.37114346760399824
trans:
  max: 3.7316154619439046
  mean: 1.188657843679751
  median: 0.9684134030260363
  min: 0.23928333817610847
  num_samples: 1043
  rmse: 1.2843685439753372
  std: 0.4865131934613204
