rot:
  max: 3.005513186263323
  mean: 3.005513186263323
  median: 3.005513186263323
  min: 3.005513186263323
  num_samples: 1
  rmse: 3.005513186263323
  std: 0.0
scale:
  max: 0.6372639170466232
  mean: 0.6372639170466232
  median: 0.6372639170466232
  min: 0.6372639170466232
  num_samples: 1
  rmse: 0.6372639170466232
  std: 0.0
trans:
  max: 1.2843685439753372
  mean: 1.2843685439753372
  median: 1.2843685439753372
  min: 1.2843685439753372
  num_samples: 1
  rmse: 1.2843685439753372
  std: 0.0
